maxGenerations 4
childrenAngles 30.0 20.0 20.0 40.0 40.0 40.0 40.0 40.0 40.0 40.0 40.0
growthSpeedFactor 1.0 1.0 0.6 0.2 0.2 0.2 0.2 0.2 0.2 0.2 0.1
childrenProbability 0.8 0.8 0.7 0.1 0.1 0.1 0.1 0.1 0.1 0.1
wavinessAngles 1.0 10.0 10.0 7.0 6.0 5.0 4.0 3.0 3.0 3.0
firstChildOffset 10 2 3 4 8 8 7 7 6 6
maxChildDiameter 0.8 0.9 0.9 0.9 0.9 0.9 0.9 0.9 0.9 0.9
leaveProbability 0.0 0.0 0.3 0.8 0.0050 0.0040 0.0010 0.01 0.01 0.01
slim 20.0 5.0 10.0 10.0 30.0 30.0 30.0 30.0 30.0 30.0
phylotaxis 70.0 70.0 70.0 70.0 70.0 70.0 70.0 70.0 70.0 70.0
pruning 100.0 100.0 100.0 100.0 100.0 100.0 100.0 100.0 100.0 100.0 100.0 100.0 100.0 100.0 100.0 100.0 100.0 100.0 100.0 100.0 100.0 100.0 100.0 100.0 100.0 100.0 100.0 100.0 100.0 100.0 100.0 100.0 100.0 100.0 100.0 100.0 100.0 100.0 100.0 100.0 100.0 100.0 100.0 100.0 100.0 100.0 100.0 100.0 100.0 100.0 100.0 100.0 100.0 100.0 100.0 100.0 100.0 100.0 100.0 100.0 100.0 100.0 100.0 100.0 100.0 100.0 100.0 100.0 100.0 100.0 100.0 100.0 100.0 100.0 100.0 100.0 100.0 100.0 100.0 100.0 100.0 100.0 100.0 100.0 100.0 100.0 100.0 100.0 100.0 100.0 100.0 100.0 100.0 100.0 100.0 100.0 100.0 100.0 100.0 100.0 70.0 70.0 70.0 70.0 70.0 70.0 70.0 70.0 70.0 70.0 70.0 70.0 70.0 70.0 70.0 70.0 70.0 70.0 70.0 70.0 70.0 70.0 70.0 70.0 70.0 70.0 70.0 70.0 70.0 70.0 70.0 70.0 70.0 70.0 70.0 70.0 70.0 70.0 70.0 70.0 70.0 70.0 70.0 70.0 70.0 70.0 70.0 70.0 70.0 70.0 70.0 70.0 70.0 70.0 70.0 70.0 70.0 70.0 70.0 70.0 50.0 50.0 50.0 50.0 50.0 50.0 50.0 50.0 50.0 50.0 50.0 50.0 50.0 50.0 50.0 50.0 50.0 50.0 50.0 50.0 50.0 50.0 50.0 50.0 50.0 50.0 50.0 50.0 50.0 50.0 50.0 50.0 50.0 50.0 50.0 50.0 50.0 50.0 50.0 50.0 50.0 50.0 50.0 50.0 50.0 50.0 50.0 50.0 50.0 50.0 50.0 50.0 50.0 50.0 50.0 50.0 50.0 50.0 50.0 50.0
maxHeight 400.0
